Time	[C1]	[C2]	[C3]	[IC3]	[IC2]	[IM1]	[IM2]	[open states]	[IF]
0	0	0	1	0	0	0	0	0	0
1	0.000421858	0.0316601	0.961181	0.00651816	0.00021476	8.65271e-09	1.77457e-14	1.03302e-06	2.90858e-06
2	0.000419137	0.0314511	0.954785	0.012913	0.000425419	3.51455e-08	1.51324e-13	1.02698e-06	5.71455e-06
3	0.000416384	0.0312445	0.948511	0.0191865	0.000632071	7.84258e-08	5.12584e-13	1.02065e-06	8.46669e-06
4	0.000413683	0.0310417	0.942356	0.0253412	0.000834807	1.37961e-07	1.20968e-12	1.01443e-06	1.11667e-05
5	0.000411033	0.0308428	0.936318	0.0313792	0.0010337	2.13236e-07	2.34611e-12	1.00833e-06	1.38155e-05
6	0.287969	0.168068	0.0511369	0.00766221	0.0553369	0.00339527	3.06068e-08	0.149865	0.276567
7	0.125622	0.0578908	0.0140267	0.0237432	0.144028	0.0176825	3.75539e-07	0.0772536	0.539753
8	0.0498399	0.022304	0.00525727	0.0334433	0.18617	0.0375665	1.33782e-06	0.0320336	0.633384
9	0.0202044	0.00888202	0.00207361	0.0369174	0.199927	0.0592552	3.03751e-06	0.0139046	0.658833
10	0.0087668	0.00372323	0.000854903	0.0376948	0.202171	0.0812956	5.50843e-06	0.00686985	0.658618
11	0.00434408	0.00173246	0.000385139	0.0374305	0.200028	0.103141	8.75179e-06	0.00412722	0.648803
12	0.00262	0.000959737	0.000203153	0.0367782	0.196267	0.12459	1.27566e-05	0.00303687	0.635532
13	0.00193424	0.000655547	0.000131851	0.03599	0.191956	0.145572	1.75074e-05	0.00258279	0.62116
14	0.00164828	0.000531698	0.000103143	0.0351623	0.187501	0.166068	2.29875e-05	0.0023742	0.606588
15	0.00151661	0.00047736	9.08447e-05	0.0343321	0.183059	0.186078	2.91796e-05	0.00226084	0.592156
16	0.00144478	0.000449913	8.48866e-05	0.0335133	0.178687	0.205609	3.60668e-05	0.00218489	0.57799
17	0.00139648	0.000432965	8.13965e-05	0.0327108	0.174406	0.224671	4.36324e-05	0.0021241	0.564134
18	0.00135771	0.000420206	7.88839e-05	0.0319263	0.170222	0.243275	5.18602e-05	0.0020699	0.550598
19	0.00132311	0.00040921	7.67754e-05	0.0311601	0.166137	0.261431	6.07342e-05	0.00201898	0.537383
20	0.00129057	0.000399036	7.48497e-05	0.0304122	0.162149	0.279149	7.02388e-05	0.00197004	0.524484
21	5.84868e-06	0.000402888	0.0121288	0.687748	0.0230949	0.275977	7.20323e-05	9.99082e-08	0.000570218
22	9.36213e-06	0.000675581	0.0204829	0.682783	0.0228206	0.272596	7.38034e-05	1.05492e-07	0.000559046
23	1.2972e-05	0.000946767	0.0287158	0.677788	0.0226521	0.269255	7.55521e-05	1.13535e-07	0.000553675
24	1.65307e-05	0.0012141	0.0368319	0.67287	0.0224861	0.265956	7.72787e-05	1.21464e-07	0.000548377
25	2.00389e-05	0.00147765	0.0448328	0.668028	0.0223226	0.262697	7.89835e-05	1.2928e-07	0.000543151
26	2.34973e-05	0.00173746	0.0527204	0.66326	0.0221617	0.259478	8.06667e-05	1.36985e-07	0.000537996
27	2.69068e-05	0.00199359	0.0604963	0.658566	0.0220032	0.256298	8.23287e-05	1.4458e-07	0.00053291
28	3.0268e-05	0.0022461	0.0681621	0.653945	0.0218472	0.253158	8.39696e-05	1.52067e-07	0.000527893
29	3.35816e-05	0.00249503	0.0757194	0.649394	0.0216936	0.250056	8.55898e-05	1.59447e-07	0.000522944
30	3.68485e-05	0.00274045	0.08317	0.644914	0.0215423	0.246992	8.71895e-05	1.66723e-07	0.000518062
31	4.00691e-05	0.0029824	0.0905153	0.640502	0.0213933	0.243965	8.87689e-05	1.73896e-07	0.000513246
32	4.32443e-05	0.00322093	0.0977569	0.636158	0.0212466	0.240976	9.03283e-05	1.80966e-07	0.000508495
33	4.63747e-05	0.0034561	0.104896	0.63188	0.0211021	0.238023	9.1868e-05	1.87937e-07	0.000503808
34	4.94609e-05	0.00368795	0.111935	0.627669	0.0209598	0.235106	9.33881e-05	1.94809e-07	0.000499184
35	5.25037e-05	0.00391654	0.118875	0.623521	0.0208197	0.232225	9.4889e-05	2.01584e-07	0.000494622
36	5.55036e-05	0.00414191	0.125717	0.619438	0.0206818	0.22938	9.63708e-05	2.08262e-07	0.000490122
37	5.84613e-05	0.0043641	0.132462	0.615416	0.0205459	0.226569	9.78338e-05	2.14847e-07	0.000485683
38	6.13774e-05	0.00458318	0.139113	0.611456	0.0204121	0.223793	9.92782e-05	2.21338e-07	0.000481303
39	6.42525e-05	0.00479917	0.14567	0.607557	0.0202804	0.221051	0.000100704	2.27738e-07	0.000476983
40	6.70872e-05	0.00501213	0.152136	0.603717	0.0201506	0.218342	0.000102112	2.34048e-07	0.00047272
41	6.98821e-05	0.0052221	0.15851	0.599936	0.0200228	0.215667	0.000103502	2.40268e-07	0.000468515
42	7.26378e-05	0.00542912	0.164795	0.596212	0.019897	0.213024	0.000104875	2.46401e-07	0.000464366
43	7.53549e-05	0.00563325	0.170992	0.592545	0.019773	0.210414	0.00010623	2.52448e-07	0.000460273
44	7.8034e-05	0.00583451	0.177102	0.588934	0.019651	0.207836	0.000107567	2.58409e-07	0.000456234
45	8.06755e-05	0.00603295	0.183127	0.585378	0.0195307	0.205289	0.000108888	2.64287e-07	0.00045225
46	8.328e-05	0.00622862	0.189067	0.581876	0.0194123	0.202774	0.000110192	2.70082e-07	0.00044832
47	8.58481e-05	0.00642156	0.194924	0.578427	0.0192957	0.200289	0.000111479	2.75796e-07	0.000444442
48	8.83803e-05	0.00661179	0.2007	0.57503	0.0191809	0.197835	0.000112749	2.81429e-07	0.000440616
49	9.08772e-05	0.00679937	0.206394	0.571685	0.0190677	0.195411	0.000114004	2.86984e-07	0.000436841
50	9.33392e-05	0.00698433	0.21201	0.568391	0.0189563	0.193017	0.000115242	2.9246e-07	0.000433117
51	9.57669e-05	0.00716672	0.217547	0.565146	0.0188466	0.190652	0.000116465	2.9786e-07	0.000429442
52	9.81607e-05	0.00734656	0.223006	0.561951	0.0187385	0.188316	0.000117672	3.03184e-07	0.000425817
53	0.000100521	0.00752389	0.22839	0.558803	0.018632	0.186009	0.000118864	3.08434e-07	0.00042224
54	0.000102849	0.00769876	0.233699	0.555704	0.0185272	0.18373	0.00012004	3.13611e-07	0.000418711
55	0.000105144	0.00787119	0.238934	0.552651	0.0184239	0.181479	0.000121201	3.18715e-07	0.000415229
56	0.000107407	0.00804122	0.244096	0.549644	0.0183222	0.179255	0.000122348	3.23747e-07	0.000411794
57	0.000109639	0.0082089	0.249186	0.546683	0.018222	0.177059	0.000123479	3.2871e-07	0.000408404
58	0.00011184	0.00837424	0.254206	0.543766	0.0181233	0.174889	0.000124597	3.33603e-07	0.000405059
59	0.00011401	0.00853729	0.259156	0.540893	0.018026	0.172747	0.000125699	3.38428e-07	0.000401759
60	0.00011615	0.00869807	0.264037	0.538063	0.0179303	0.17063	0.000126788	3.43186e-07	0.000398504
61	0.000118261	0.00885663	0.26885	0.535276	0.0178359	0.16854	0.000127863	3.47878e-07	0.000395291
62	0.000120342	0.00901299	0.273597	0.53253	0.017743	0.166475	0.000128924	3.52504e-07	0.000392121
63	0.000122394	0.00916718	0.278278	0.529826	0.0176514	0.164435	0.000129971	3.57067e-07	0.000388993
64	0.000124418	0.00931924	0.282895	0.527163	0.0175613	0.16242	0.000131005	3.61565e-07	0.000385907
65	0.000126414	0.0094692	0.287447	0.524539	0.0174724	0.160431	0.000132025	3.66001e-07	0.000382862
66	0.000128383	0.00961708	0.291937	0.521954	0.0173849	0.158465	0.000133033	3.70376e-07	0.000379857
67	0.000130324	0.00976292	0.296365	0.519409	0.0172987	0.156524	0.000134027	3.7469e-07	0.000376893
68	0.000132239	0.00990675	0.300731	0.516901	0.0172138	0.154606	0.000135008	3.78944e-07	0.000373967
69	0.000134127	0.0100486	0.305037	0.514431	0.0171301	0.152712	0.000135977	3.83139e-07	0.000371081
70	0.000135988	0.0101885	0.309284	0.511997	0.0170477	0.150841	0.000136933	3.87276e-07	0.000368232
71	0.000137825	0.0103264	0.313472	0.5096	0.0169665	0.148993	0.000137877	3.91356e-07	0.000365422
72	0.000139636	0.0104625	0.317603	0.507239	0.0168865	0.147167	0.000138809	3.95379e-07	0.000362649
73	0.000141422	0.0105967	0.321677	0.504913	0.0168077	0.145365	0.000139729	3.99347e-07	0.000359912
74	0.000143183	0.010729	0.325694	0.502621	0.0167301	0.143584	0.000140636	4.0326e-07	0.000357212
75	0.000144921	0.0108595	0.329657	0.500364	0.0166536	0.141825	0.000141532	4.07119e-07	0.000354547
76	0.000146634	0.0109883	0.333565	0.49814	0.0165783	0.140087	0.000142417	4.10925e-07	0.000351918
77	0.000148324	0.0111152	0.337419	0.495949	0.016504	0.138371	0.00014329	4.14678e-07	0.000349323
78	0.000149991	0.0112404	0.341221	0.493791	0.0164309	0.136676	0.000144151	4.1838e-07	0.000346763
79	0.000151634	0.0113639	0.34497	0.491665	0.0163588	0.135001	0.000145002	4.2203e-07	0.000344236
80	0.000153256	0.0114858	0.348668	0.48957	0.0162878	0.133348	0.000145841	4.25631e-07	0.000341743
81	0.000154855	0.0116059	0.352315	0.487506	0.0162178	0.131714	0.000146669	4.29181e-07	0.000339283
82	0.000156432	0.0117244	0.355912	0.485473	0.0161489	0.1301	0.000147487	4.32683e-07	0.000336855
83	0.000157987	0.0118412	0.35946	0.48347	0.016081	0.128507	0.000148294	4.36137e-07	0.000334459
84	0.000159522	0.0119565	0.36296	0.481496	0.0160141	0.126932	0.00014909	4.39544e-07	0.000332095
85	0.000161035	0.0120702	0.366411	0.479552	0.0159482	0.125378	0.000149876	4.42903e-07	0.000329762
86	0.000162527	0.0121824	0.369816	0.477636	0.0158832	0.123842	0.000150652	4.46217e-07	0.000327459
87	0.000164	0.012293	0.373174	0.475748	0.0158192	0.122325	0.000151417	4.49485e-07	0.000325187
88	0.000165452	0.0124021	0.376486	0.473889	0.0157561	0.120826	0.000152173	4.52708e-07	0.000322945
89	0.000166884	0.0125097	0.379753	0.472056	0.015694	0.119346	0.000152918	4.55888e-07	0.000320733
90	0.000168297	0.0126158	0.382975	0.470251	0.0156327	0.117884	0.000153654	4.59023e-07	0.000318549
91	0.00016969	0.0127205	0.386154	0.468472	0.0155724	0.11644	0.00015438	4.62116e-07	0.000316394
92	0.000171065	0.0128238	0.389289	0.46672	0.0155129	0.115014	0.000155097	4.65166e-07	0.000314268
93	0.000172421	0.0129256	0.392381	0.464993	0.0154544	0.113605	0.000155804	4.68175e-07	0.000312169
94	0.000173758	0.0130261	0.395432	0.463291	0.0153966	0.112213	0.000156502	4.71143e-07	0.000310098
95	0.000175077	0.0131252	0.398441	0.461615	0.0153397	0.110839	0.000157191	4.7407e-07	0.000308054
96	0.000176378	0.013223	0.401409	0.459963	0.0152837	0.109481	0.000157871	4.76957e-07	0.000306037
97	0.000177662	0.0133194	0.404337	0.458335	0.0152284	0.10814	0.000158541	4.79805e-07	0.000304047
98	0.000178928	0.0134146	0.407225	0.456731	0.015174	0.106816	0.000159203	4.82614e-07	0.000302082
99	0.000180177	0.0135084	0.410073	0.45515	0.0151204	0.105507	0.000159856	4.85385e-07	0.000300143
100	0.000181409	0.013601	0.412883	0.453593	0.0150675	0.104215	0.000160501	4.88118e-07	0.00029823
