Time	[iron_in_Plasma]	[iron_in_Bone Marrow]	[iron_in_RBC]	[iron_in_Spleen]	[iron_in_Liver]	[iron_in_Muscle]	[iron_in_Duodenum]	[iron_in_Integument]	[iron_in_Intestine]	[iron_ions_Outside]	[iron_in_Heart]	[iron_in_Lungs]	[iron_in_Kidneys]	[iron_in_Testes]	[iron_in_Stomach]	[iron_in_Fat]	[iron_in_Brain]
0	100	0	0	0	0	0	0	0	0	0	0	0	0	0	0	0	0
1	0.385247	22.4526	13.0463	0.652716	25.5648	11.8299	0.162808	6.64471	4.05793	1.69513	1.64424	3.10737	7.00442	0.215816	1.10524	0.32168	0.109236
2	0.373953	15.0348	21.6874	0.722889	25.0351	11.1801	0.140934	6.67196	3.57447	3.30432	1.51327	3.08127	6.11633	0.217674	0.916242	0.315296	0.11411
3	0.356626	10.6526	27.2261	0.717021	24.4767	10.5779	0.12319	6.67704	3.17322	4.76972	1.39753	3.04777	5.38774	0.218755	0.771097	0.30852	0.118522
4	0.34096	8.02578	30.9067	0.711934	23.8885	10.0153	0.108672	6.66042	2.83735	6.11668	1.29439	3.00699	4.78481	0.219074	0.658601	0.301337	0.122468
5	0.327397	6.4269	33.4555	0.713287	23.2834	9.49199	0.0967596	6.62625	2.55566	7.36519	1.20255	2.96077	4.28471	0.218766	0.571016	0.293916	0.126003
6	0.315552	5.43358	35.2999	0.718748	22.6726	9.00728	0.0869622	6.57821	2.31905	8.53135	1.12088	2.91073	3.86907	0.217951	0.50252	0.286399	0.129178
7	0.305067	4.7991	36.6939	0.72619	22.0644	8.55974	0.0788799	6.51922	2.11988	9.62819	1.04829	2.85808	3.52275	0.216727	0.448663	0.278891	0.132035
8	0.295676	4.37895	37.7892	0.734303	21.4646	8.14737	0.0721877	6.45161	1.95179	10.6662	0.983779	2.8038	3.23326	0.215169	0.406046	0.271469	0.134607
9	0.287185	4.08818	38.6779	0.742349	20.8773	7.7679	0.0666225	6.37725	1.80945	11.6541	0.926399	2.7486	2.99036	0.213341	0.372069	0.264185	0.136924
10	0.27945	3.87673	39.4167	0.749937	20.3054	7.41898	0.0619715	6.29766	1.68846	12.5986	0.875311	2.69306	2.78566	0.211295	0.344751	0.257079	0.139009
11	0.27236	3.71491	40.0413	0.756874	19.751	7.09824	0.0580633	6.2141	1.5852	13.5055	0.829762	2.63763	2.61232	0.209073	0.322579	0.250178	0.140883
12	0.265827	3.58503	40.5752	0.763081	19.2153	6.80342	0.0547594	6.12762	1.49666	14.3794	0.789083	2.58266	2.46477	0.206713	0.304396	0.2435	0.142564
13	0.259781	3.4764	41.0339	0.768539	18.6993	6.53236	0.0519484	6.03909	1.42037	15.2241	0.752685	2.52843	2.33845	0.204244	0.28932	0.237057	0.144069
14	0.254162	3.38249	41.4285	0.773266	18.2032	6.283	0.0495407	5.94923	1.35428	16.0428	0.72005	2.47516	2.22966	0.201693	0.276676	0.230855	0.145412
15	0.248922	3.29925	41.7673	0.777292	17.7273	6.05348	0.0474636	5.85866	1.29672	16.838	0.690723	2.423	2.13538	0.199082	0.265945	0.224897	0.146605
16	0.244021	3.2241	42.0565	0.780662	17.2714	5.84204	0.0456588	5.76787	1.2463	17.6119	0.664304	2.37208	2.05315	0.196429	0.25673	0.219183	0.14766
17	0.239424	3.15533	42.3013	0.783416	16.8351	5.64707	0.0440789	5.67731	1.20188	18.3664	0.640446	2.32249	1.98096	0.193751	0.248724	0.213709	0.148588
18	0.235099	3.09178	42.5059	0.785601	16.4181	5.46709	0.0426856	5.58731	1.16251	19.103	0.618843	2.2743	1.91715	0.191061	0.241689	0.208471	0.149398
19	0.231021	3.03264	42.6739	0.787256	16.0199	5.30075	0.0414479	5.49819	1.12742	19.823	0.599228	2.22755	1.86038	0.188371	0.235443	0.203463	0.150099
20	0.227167	2.97729	42.8084	0.788423	15.6397	5.14683	0.0403406	5.41016	1.09595	20.5277	0.581368	2.18226	1.80955	0.18569	0.229841	0.198677	0.150698
21	0.223516	2.92528	42.9123	0.789139	15.2769	5.0042	0.0393429	5.32344	1.06757	21.2179	0.565059	2.13843	1.76373	0.183027	0.224772	0.194108	0.151203
22	0.220051	2.87624	42.9881	0.789437	14.931	4.87185	0.0384381	5.23819	1.04183	21.8946	0.550124	2.09607	1.72219	0.180389	0.220146	0.189745	0.15162
23	0.216757	2.82985	43.038	0.78935	14.6011	4.74885	0.0376124	5.15452	1.01835	22.5586	0.536406	2.05517	1.6843	0.177781	0.215894	0.185582	0.151956
24	0.213619	2.78588	43.0642	0.788908	14.2865	4.63436	0.0368543	5.07254	0.996825	23.2104	0.523768	2.01569	1.64955	0.175209	0.21196	0.181609	0.152216
25	0.210624	2.74409	43.0684	0.788137	13.9865	4.52763	0.0361545	4.99232	0.976996	23.8507	0.512093	1.97762	1.61751	0.172676	0.208298	0.177818	0.152406
26	0.207762	2.70431	43.0524	0.787064	13.7005	4.42795	0.0355052	4.91392	0.958641	24.4801	0.501274	1.94091	1.58781	0.170185	0.204873	0.174201	0.152529
27	0.205022	2.66636	43.0178	0.785711	13.4277	4.33472	0.0349	4.83737	0.941575	25.0991	0.49122	1.90555	1.56017	0.167739	0.201655	0.170748	0.152592
28	0.202396	2.6301	42.9661	0.784101	13.1675	4.24737	0.0343333	4.7627	0.925642	25.7081	0.48185	1.87148	1.53433	0.165341	0.198618	0.167453	0.152597
29	0.199874	2.5954	42.8985	0.782253	12.9191	4.16537	0.0338007	4.68992	0.910709	26.3076	0.473094	1.83866	1.51008	0.16299	0.195744	0.164306	0.152548
30	0.19745	2.56214	42.8164	0.780185	12.6821	4.08828	0.0332982	4.61902	0.896662	26.8978	0.464888	1.80705	1.48723	0.160689	0.193014	0.161301	0.15245
31	0.195116	2.53021	42.7208	0.777916	12.4557	4.01567	0.0328227	4.54999	0.883404	27.4793	0.457178	1.77662	1.46564	0.158439	0.190414	0.15843	0.152305
32	0.192866	2.49952	42.6128	0.775461	12.2395	3.94716	0.0323713	4.48282	0.870854	28.0523	0.449916	1.74731	1.44517	0.156239	0.187932	0.155685	0.152116
33	0.190696	2.46998	42.4934	0.772835	12.0328	3.8824	0.0319416	4.41748	0.858938	28.6171	0.443057	1.71908	1.42571	0.154089	0.185558	0.15306	0.151888
34	0.188598	2.44151	42.3635	0.770052	11.8351	3.82109	0.0315316	4.35394	0.847596	29.1741	0.436565	1.69189	1.40717	0.15199	0.183282	0.150549	0.151621
35	0.186569	2.41403	42.2239	0.767124	11.6459	3.76294	0.0311394	4.29217	0.836772	29.7234	0.430405	1.66569	1.38945	0.149942	0.181095	0.148144	0.151319
36	0.184605	2.38749	42.0755	0.764064	11.4647	3.7077	0.0307635	4.23213	0.826421	30.2654	0.424548	1.64045	1.37248	0.147943	0.178992	0.145841	0.150984
37	0.1827	2.36181	41.9188	0.760882	11.2911	3.65512	0.0304025	4.17378	0.8165	30.8004	0.418966	1.61612	1.35621	0.145993	0.176965	0.143634	0.150618
38	0.180852	2.33695	41.7547	0.757589	11.1247	3.60501	0.0300552	4.11708	0.806973	31.3284	0.413636	1.59267	1.34056	0.144092	0.175009	0.141517	0.150223
39	0.179057	2.31285	41.5837	0.754194	10.965	3.55716	0.0297204	4.06197	0.797807	31.8499	0.408537	1.57005	1.3255	0.142238	0.173118	0.139484	0.149802
40	0.177312	2.28946	41.4063	0.750706	10.8117	3.5114	0.0293974	4.00843	0.788975	32.3649	0.403649	1.54822	1.31096	0.140431	0.17129	0.137533	0.149355
41	0.175613	2.26674	41.2233	0.747134	10.6643	3.46757	0.0290851	3.95639	0.780451	32.8736	0.398956	1.52715	1.29693	0.138669	0.169518	0.135657	0.148885
42	0.173959	2.24465	41.035	0.743486	10.5226	3.42552	0.0287829	3.90582	0.772211	33.3764	0.394441	1.50681	1.28335	0.136951	0.167799	0.133852	0.148394
43	0.172346	2.22316	40.8418	0.739767	10.3863	3.38513	0.02849	3.85667	0.764235	33.8732	0.390092	1.48716	1.2702	0.135277	0.166131	0.132115	0.147882
44	0.170772	2.20222	40.6444	0.735986	10.2549	3.34627	0.0282058	3.80889	0.756505	34.3644	0.385895	1.46816	1.25745	0.133646	0.164509	0.130442	0.147352
45	0.169235	2.18181	40.443	0.732148	10.1283	3.30883	0.0279297	3.76243	0.749004	34.85	0.38184	1.4498	1.24507	0.132055	0.162932	0.128828	0.146803
46	0.167733	2.16189	40.238	0.728259	10.0061	3.27271	0.0276612	3.71725	0.741716	35.3303	0.377916	1.43203	1.23303	0.130504	0.161395	0.127272	0.146239
47	0.166264	2.14244	40.0297	0.724324	9.88819	3.23782	0.0273999	3.6733	0.734628	35.8053	0.374113	1.41482	1.22132	0.128992	0.159898	0.125768	0.145659
48	0.164827	2.12343	39.8186	0.720349	9.7742	3.20407	0.0271452	3.63054	0.727727	36.2753	0.370425	1.39816	1.20992	0.127517	0.158437	0.124315	0.145065
49	0.163418	2.10484	39.6049	0.716338	9.66395	3.17138	0.0268969	3.58893	0.721002	36.7403	0.366842	1.38201	1.19879	0.126079	0.15701	0.12291	0.144458
50	0.162039	2.08665	39.3888	0.712296	9.55723	3.13969	0.0266544	3.54841	0.714441	37.2004	0.363358	1.36635	1.18794	0.124676	0.155616	0.12155	0.14384
51	0.160685	2.06883	39.1707	0.708226	9.45385	3.10892	0.0264176	3.50896	0.708036	37.6559	0.359966	1.35116	1.17734	0.123308	0.154253	0.120232	0.143209
52	0.159357	2.05136	38.9508	0.704132	9.3536	3.07902	0.026186	3.47053	0.701777	38.1068	0.356661	1.33641	1.16698	0.121972	0.152919	0.118953	0.142569
53	0.158053	2.03424	38.7293	0.700019	9.25632	3.04994	0.0259594	3.43308	0.695656	38.5532	0.353437	1.32208	1.15684	0.120668	0.151612	0.117713	0.141919
54	0.156772	2.01743	38.5064	0.695888	9.16184	3.02161	0.0257375	3.39658	0.689666	38.9952	0.350289	1.30815	1.14692	0.119394	0.150332	0.116509	0.14126
55	0.155513	2.00093	38.2824	0.691743	9.07001	2.99401	0.02552	3.36098	0.683798	39.4329	0.347213	1.29461	1.1372	0.118151	0.149076	0.115338	0.140593
56	0.154275	1.98472	38.0573	0.687588	8.98068	2.96707	0.0253068	3.32625	0.678047	39.8665	0.344205	1.28142	1.12767	0.116936	0.147844	0.114199	0.139918
57	0.153057	1.96878	37.8315	0.683423	8.89372	2.94076	0.0250976	3.29236	0.672407	40.296	0.34126	1.26858	1.11832	0.115749	0.146635	0.11309	0.139237
58	0.151857	1.95311	37.605	0.679253	8.80899	2.91505	0.0248922	3.25927	0.666872	40.7216	0.338376	1.25607	1.10914	0.114588	0.145446	0.11201	0.13855
59	0.150676	1.93769	37.3779	0.67508	8.72638	2.8899	0.0246904	3.22695	0.661436	41.1432	0.335549	1.24387	1.10013	0.113453	0.144278	0.110957	0.137857
60	0.149512	1.9225	37.1505	0.670904	8.64578	2.86527	0.0244921	3.19538	0.656095	41.561	0.332775	1.23197	1.09127	0.112343	0.14313	0.109929	0.137158
61	0.148365	1.90755	36.9228	0.666729	8.56707	2.84115	0.0242971	3.16451	0.650845	41.975	0.330053	1.22035	1.08256	0.111257	0.141999	0.108926	0.136455
62	0.147233	1.89282	36.695	0.662556	8.49016	2.8175	0.0241052	3.13433	0.645681	42.3854	0.327379	1.20901	1.07399	0.110194	0.140887	0.107946	0.135748
63	0.146118	1.8783	36.4672	0.658387	8.41496	2.7943	0.0239163	3.1048	0.640598	42.7922	0.324751	1.19791	1.06556	0.109153	0.139791	0.106987	0.135037
64	0.145016	1.86398	36.2395	0.654223	8.34137	2.77152	0.0237303	3.0759	0.635595	43.1955	0.322168	1.18707	1.05725	0.108133	0.138711	0.106049	0.134323
65	0.143929	1.84986	36.0119	0.650066	8.26933	2.74915	0.023547	3.04761	0.630666	43.5953	0.319625	1.17646	1.04907	0.107134	0.137647	0.105131	0.133606
66	0.142856	1.83592	35.7846	0.645918	8.19874	2.72716	0.0233663	3.01989	0.625809	43.9917	0.317123	1.16607	1.04101	0.106155	0.136598	0.104232	0.132886
67	0.141796	1.82216	35.5576	0.641779	8.12954	2.70553	0.0231881	2.99273	0.621021	44.3848	0.314659	1.15589	1.03306	0.105195	0.135562	0.10335	0.132165
68	0.140748	1.80857	35.3311	0.63765	8.06166	2.68425	0.0230124	2.96611	0.616299	44.7745	0.312231	1.14591	1.02522	0.104253	0.134541	0.102485	0.131441
69	0.139713	1.79515	35.105	0.633533	7.99504	2.66331	0.022839	2.93999	0.61164	45.1611	0.309839	1.13613	1.01748	0.103329	0.133532	0.101636	0.130715
70	0.138689	1.78189	34.8795	0.629429	7.92962	2.64267	0.0226678	2.91437	0.607042	45.5445	0.307479	1.12653	1.00984	0.102422	0.132537	0.100803	0.129989
71	0.137677	1.76878	34.6546	0.625338	7.86534	2.62234	0.0224988	2.88923	0.602502	45.9248	0.305151	1.11711	1.0023	0.101531	0.131553	0.0999841	0.129261
72	0.136676	1.75582	34.4304	0.621262	7.80214	2.6023	0.0223318	2.86454	0.598019	46.302	0.302854	1.10786	0.994856	0.100657	0.130581	0.0991792	0.128533
73	0.135685	1.74301	34.2069	0.617201	7.73999	2.58254	0.0221668	2.84029	0.59359	46.6761	0.300587	1.09877	0.987498	0.0997974	0.129621	0.0983876	0.127804
74	0.134705	1.73034	33.9842	0.613156	7.67882	2.56304	0.0220038	2.81646	0.589214	47.0473	0.298348	1.08983	0.980227	0.0989527	0.128671	0.0976088	0.127074
75	0.133736	1.7178	33.7623	0.609127	7.61861	2.5438	0.0218426	2.79303	0.584888	47.4156	0.296136	1.08104	0.973039	0.0981222	0.127732	0.096842	0.126345
76	0.132776	1.7054	33.5412	0.605116	7.55931	2.5248	0.0216832	2.76999	0.580611	47.781	0.293951	1.0724	0.965931	0.0973054	0.126804	0.096087	0.125616
77	0.131825	1.69312	33.3211	0.601122	7.50088	2.50604	0.0215256	2.74733	0.576381	48.1435	0.291791	1.06389	0.958902	0.0965018	0.125885	0.095343	0.124887
78	0.130884	1.68097	33.1018	0.597146	7.44329	2.48751	0.0213696	2.72503	0.572197	48.5032	0.289656	1.05551	0.951949	0.095711	0.124976	0.0946098	0.124159
79	0.129952	1.66893	32.8835	0.593189	7.38649	2.46919	0.0212153	2.70307	0.568058	48.8602	0.287544	1.04725	0.945068	0.0949324	0.124076	0.0938868	0.123432
80	0.129028	1.65702	32.6662	0.589251	7.33047	2.45109	0.0210626	2.68145	0.563961	49.2144	0.285456	1.03912	0.938259	0.0941657	0.123185	0.0931737	0.122705
81	0.128113	1.64522	32.4499	0.585333	7.27518	2.43319	0.0209114	2.66015	0.559906	49.5659	0.283389	1.0311	0.931519	0.0934105	0.122304	0.09247	0.121979
82	0.127207	1.63353	32.2347	0.581434	7.22061	2.41548	0.0207617	2.63917	0.555892	49.9148	0.281344	1.02319	0.924847	0.0926663	0.12143	0.0917754	0.121255
83	0.126308	1.62195	32.0204	0.577556	7.16672	2.39797	0.0206135	2.61848	0.551918	50.261	0.279321	1.01539	0.918239	0.0919329	0.120566	0.0910896	0.120532
84	0.125418	1.61047	31.8073	0.573698	7.1135	2.38064	0.0204667	2.59808	0.547982	50.6046	0.277317	1.00769	0.911695	0.0912097	0.119709	0.0904123	0.11981
85	0.124536	1.5991	31.5952	0.56986	7.06091	2.3635	0.0203212	2.57796	0.544083	50.9457	0.275334	1.00009	0.905214	0.0904966	0.11886	0.0897431	0.11909
86	0.123661	1.58783	31.3843	0.566044	7.00893	2.34652	0.0201772	2.55812	0.540221	51.2842	0.273369	0.992588	0.898792	0.0897932	0.118019	0.0890818	0.118372
87	0.122794	1.57666	31.1745	0.562248	6.95755	2.32972	0.0200344	2.53853	0.536395	51.6202	0.271424	0.985178	0.89243	0.0890991	0.117186	0.0884281	0.117655
88	0.121934	1.56558	30.9658	0.558474	6.90675	2.31308	0.019893	2.5192	0.532604	51.9537	0.269497	0.977857	0.886126	0.088414	0.11636	0.0877817	0.11694
89	0.121081	1.5546	30.7583	0.554721	6.8565	2.2966	0.0197528	2.50011	0.528846	52.2848	0.267587	0.970622	0.879877	0.0877378	0.115541	0.0871425	0.116228
90	0.120235	1.54372	30.5519	0.55099	6.8068	2.28028	0.0196138	2.48125	0.525122	52.6134	0.265695	0.963471	0.873684	0.0870701	0.11473	0.0865101	0.115517
91	0.119397	1.53292	30.3467	0.547281	6.75761	2.26411	0.019476	2.46263	0.52143	52.9397	0.26382	0.956401	0.867545	0.0864106	0.113925	0.0858845	0.114809
92	0.118565	1.52222	30.1426	0.543593	6.70893	2.24809	0.0193394	2.44423	0.51777	53.2636	0.261962	0.949409	0.861458	0.0857591	0.113127	0.0852653	0.114102
93	0.11774	1.5116	29.9397	0.539927	6.66075	2.23221	0.019204	2.42604	0.514141	53.5851	0.26012	0.942493	0.855423	0.0851153	0.112336	0.0846524	0.113399
94	0.116921	1.50107	29.7381	0.536283	6.61305	2.21647	0.0190697	2.40806	0.510543	53.9043	0.258293	0.935651	0.849439	0.0844792	0.111552	0.0840457	0.112697
95	0.116109	1.49062	29.5376	0.532661	6.56581	2.20088	0.0189365	2.39029	0.506975	54.2212	0.256483	0.928881	0.843505	0.0838503	0.110774	0.0834449	0.111998
96	0.115303	1.48026	29.3383	0.529061	6.51902	2.18542	0.0188044	2.37271	0.503437	54.5358	0.254688	0.92218	0.83762	0.0832285	0.110002	0.0828499	0.111302
97	0.114504	1.46998	29.1402	0.525483	6.47268	2.17009	0.0186734	2.35532	0.499927	54.8482	0.252907	0.915547	0.831782	0.0826137	0.109236	0.0822606	0.110608
98	0.113711	1.45978	28.9433	0.521927	6.42677	2.15489	0.0185435	2.33812	0.496446	55.1583	0.251142	0.90898	0.825992	0.0820056	0.108477	0.0816768	0.109917
99	0.112924	1.44966	28.7476	0.518393	6.38129	2.13982	0.0184146	2.3211	0.492992	55.4663	0.249391	0.902478	0.820248	0.081404	0.107723	0.0810984	0.109229
100	0.112142	1.43961	28.5531	0.514881	6.33621	2.12487	0.0182867	2.30426	0.489567	55.772	0.247654	0.896037	0.81455	0.0808088	0.106976	0.0805252	0.108543
