Time	[x1]	[x2]	[E1]	[E2]	[E]	[E+x1]
0	0	0	0	0	100	1
1	1.4541	1.4541	49.8286	49.8286	0.342797	1
2	2.55402	2.55402	49.9023	49.9023	0.1954	1
3	3.28452	3.28452	49.924	49.924	0.152002	1
4	3.84882	3.84882	49.9351	49.9351	0.129744	1
5	4.31179	4.31179	49.9421	49.9421	0.115828	1
6	4.70425	4.70425	49.9469	49.9469	0.106175	1
7	5.04382	5.04382	49.9505	49.9505	0.0990337	1
8	5.34181	5.34181	49.9532	49.9532	0.0935142	1
9	5.60598	5.60598	49.9554	49.9554	0.0891114	1
10	5.842	5.842	49.9572	49.9572	0.0855141	1
11	6.05416	6.05416	49.9587	49.9587	0.0825199	1
12	6.2458	6.2458	49.96	49.96	0.0799899	1
13	6.4196	6.4196	49.9611	49.9611	0.077826	1
14	6.57775	6.57775	49.962	49.962	0.0759562	1
15	6.72204	6.72204	49.9628	49.9628	0.074327	1
16	6.85402	6.85402	49.9636	49.9636	0.0728968	1
17	6.97498	6.97498	49.9642	49.9642	0.0716335	1
18	7.08604	7.08604	49.9647	49.9647	0.0705116	1
19	7.18817	7.18817	49.9652	49.9652	0.0695104	1
20	7.28222	7.28222	49.9657	49.9657	0.0686133	1
21	7.36893	7.36893	49.9661	49.9661	0.0678065	1
22	7.44895	7.44895	49.9665	49.9665	0.0670786	1
23	7.52288	7.52288	49.9668	49.9668	0.0664198	1
24	7.59124	7.59124	49.9671	49.9671	0.0658221	1
25	7.6545	7.6545	49.9674	49.9674	0.0652785	1
26	7.71307	7.71307	49.9676	49.9676	0.064783	1
27	7.76735	7.76735	49.9678	49.9678	0.0643307	1
28	7.81767	7.81767	49.968	49.968	0.0639168	1
29	7.86434	7.86434	49.9682	49.9682	0.0635377	1
30	7.90766	7.90766	49.9684	49.9684	0.0631899	1
31	7.94787	7.94787	49.9686	49.9686	0.0628704	1
32	7.98522	7.98522	49.9687	49.9687	0.0625765	1
33	8.01993	8.01993	49.9688	49.9688	0.0623058	1
34	8.05219	8.05219	49.969	49.969	0.0620564	1
35	8.08218	8.08218	49.9691	49.9691	0.0618263	1
36	8.11007	8.11007	49.9692	49.9692	0.0616138	1
37	8.13601	8.13601	49.9693	49.9693	0.0614175	1
38	8.16015	8.16015	49.9694	49.9694	0.0612359	1
39	8.18261	8.18261	49.9695	49.9695	0.0610679	1
40	8.20353	8.20353	49.9695	49.9695	0.0609123	1
41	8.223	8.223	49.9696	49.9696	0.0607681	1
42	8.24113	8.24113	49.9697	49.9697	0.0606345	1
43	8.25802	8.25802	49.9697	49.9697	0.0605106	1
44	8.27375	8.27375	49.9698	49.9698	0.0603956	1
45	8.2884	8.2884	49.9699	49.9699	0.0602889	1
46	8.30205	8.30205	49.9699	49.9699	0.0601898	1
47	8.31477	8.31477	49.97	49.97	0.0600978	1
48	8.32663	8.32663	49.97	49.97	0.0600123	1
49	8.33767	8.33767	49.97	49.97	0.0599328	1
50	8.34797	8.34797	49.9701	49.9701	0.0598589	1
51	8.35757	8.35757	49.9701	49.9701	0.0597902	1
52	8.36652	8.36652	49.9701	49.9701	0.0597263	1
53	8.37487	8.37487	49.9702	49.9702	0.0596668	1
54	8.38265	8.38265	49.9702	49.9702	0.0596115	1
55	8.3899	8.3899	49.9702	49.9702	0.05956	1
56	8.39667	8.39667	49.9702	49.9702	0.059512	1
57	8.40297	8.40297	49.9703	49.9703	0.0594674	1
58	8.40885	8.40885	49.9703	49.9703	0.0594258	1
59	8.41434	8.41434	49.9703	49.9703	0.0593871	1
60	8.41946	8.41946	49.9703	49.9703	0.059351	1
61	8.42423	8.42423	49.9703	49.9703	0.0593174	1
62	8.42868	8.42868	49.9704	49.9704	0.0592861	1
63	8.43283	8.43283	49.9704	49.9704	0.0592569	1
64	8.43671	8.43671	49.9704	49.9704	0.0592297	1
65	8.44032	8.44032	49.9704	49.9704	0.0592044	1
66	8.44369	8.44369	49.9704	49.9704	0.0591808	1
67	8.44684	8.44684	49.9704	49.9704	0.0591587	1
68	8.44977	8.44977	49.9704	49.9704	0.0591382	1
69	8.45251	8.45251	49.9704	49.9704	0.059119	1
70	8.45507	8.45507	49.9704	49.9704	0.0591012	1
71	8.45745	8.45745	49.9705	49.9705	0.0590845	1
72	8.45968	8.45968	49.9705	49.9705	0.059069	1
73	8.46175	8.46175	49.9705	49.9705	0.0590545	1
74	8.46369	8.46369	49.9705	49.9705	0.059041	1
75	8.4655	8.4655	49.9705	49.9705	0.0590284	1
76	8.46718	8.46718	49.9705	49.9705	0.0590167	1
77	8.46876	8.46876	49.9705	49.9705	0.0590057	1
78	8.47022	8.47022	49.9705	49.9705	0.0589955	1
79	8.47159	8.47159	49.9705	49.9705	0.058986	1
80	8.47287	8.47287	49.9705	49.9705	0.0589771	1
81	8.47406	8.47406	49.9705	49.9705	0.0589688	1
82	8.47518	8.47518	49.9705	49.9705	0.058961	1
83	8.47621	8.47621	49.9705	49.9705	0.0589538	1
84	8.47718	8.47718	49.9705	49.9705	0.0589471	1
85	8.47809	8.47809	49.9705	49.9705	0.0589408	1
86	8.47893	8.47893	49.9705	49.9705	0.0589349	1
87	8.47972	8.47972	49.9705	49.9705	0.0589295	1
88	8.48045	8.48045	49.9705	49.9705	0.0589244	1
89	8.48114	8.48114	49.9705	49.9705	0.0589196	1
90	8.48178	8.48178	49.9705	49.9705	0.0589152	1
91	8.48238	8.48238	49.9705	49.9705	0.058911	1
92	8.48293	8.48293	49.9705	49.9705	0.0589072	1
93	8.48345	8.48345	49.9705	49.9705	0.0589035	1
94	8.48394	8.48394	49.9705	49.9705	0.0589002	1
95	8.48439	8.48439	49.9706	49.9706	0.058897	1
96	8.48481	8.48481	49.9706	49.9706	0.0588941	1
97	8.48521	8.48521	49.9706	49.9706	0.0588914	1
98	8.48558	8.48558	49.9706	49.9706	0.0588888	1
99	8.48592	8.48592	49.9706	49.9706	0.0588864	1
100	8.48624	8.48624	49.9706	49.9706	0.0588842	1
